null,-19.699999999999996,-1
null,-19.699999999999996,-1
null,-19.699999999999996,-1
null,-19.699999999999996,0
null,-19.699999999999996,-1
null,-19.699999999999996,-1
null,-19.699999999999996,0
null,-19.699999999999996,-1
null,-19.699999999999996,0
null,100.0,0
null,100.0,0
null,-19.699999999999996,-1
null,-19.699999999999996,-1
null,-19.699999999999996,0
null,-19.699999999999996,0
null,-19.699999999999996,-1
null,-19.699999999999996,0
null,-19.699999999999996,0
null,-19.699999999999996,-1
null,-19.699999999999996,-1
null,-19.699999999999996,-1
null,-19.699999999999996,-1
null,-19.699999999999996,-1
null,-19.699999999999996,0
null,-19.699999999999996,-1
null,-19.699999999999996,-1
null,-19.699999999999996,0
null,-19.699999999999996,-1
null,-19.699999999999996,0
null,100.0,0
null,100.0,0
null,-19.699999999999996,-1
null,-19.699999999999996,-1
null,-19.699999999999996,0
null,-19.699999999999996,0
null,-19.699999999999996,-1
null,-19.699999999999996,0
null,-19.699999999999996,0
null,-19.699999999999996,-1
null,-19.699999999999996,-1
reduction,-19.699999999999996,0,-1.0,0
reduction,-19.699999999999996,0,-1.0,0

reduction,-19.699999999999996,0,-1.0,0
reduction,-19.699999999999996,0,-1.0,0
reduction,-19.699999999999996,0,-1.0,0
null,-19.699999999999996,10
reduction,-19.699999999999996,0,-1.0,0
reduction,-19.699999999999996,0,-1.0,0
null,-19.699999999999996,0
reduction,-19.699999999999996,0,-1.0,0
null,-19.699999999999996,10
reduction,-19.699999999999996,0,-1.0,0
null,-19.699999999999996,0

reduction,-19.699999999999996,0,-1.0,0
reduction,-19.699999999999996,0,-1.0,0
reduction,-19.699999999999996,0,-1.0,0
